"stride=128
0.00049 1.616
0.00098 1.614
0.00195 1.608
0.00293 1.632
0.00391 1.621
0.00586 1.612
0.00781 1.654
0.00977 1.609
0.01172 1.678
0.01367 1.629
0.01562 1.650
0.01758 1.630
0.01953 1.610
0.02148 1.606
0.02344 1.615
0.02539 1.615
0.02734 1.631
0.02930 1.624
0.03125 1.620
0.03516 1.608
0.03906 1.621
0.04297 1.624
0.04688 1.622
0.05078 3.000
0.05469 4.378
0.05859 3.864
0.06250 3.386
0.07031 4.344
0.07812 3.925
0.08594 3.819
0.09375 3.734
0.10156 3.889
0.10938 3.607
0.11719 3.613
0.12500 3.301
0.14062 3.107
0.15625 3.617
0.17188 2.726
0.18750 2.901
0.20312 3.029
0.21875 3.395
0.23438 3.556
0.25000 2.593
0.28125 2.845
0.31250 2.820
0.34375 2.969
0.37500 3.751
0.40625 2.241
0.43750 3.266
0.46875 2.527
0.50000 3.682
0.56250 3.312
0.62500 2.106
0.68750 3.457
0.75000 3.751
0.81250 2.973
0.87500 3.327
0.93750 2.679
1.00000 3.387
1.12500 3.121
1.25000 3.345
1.37500 3.138
1.50000 3.115
1.62500 3.765
1.75000 5.293
1.87500 4.078
2.00000 3.580
2.25000 3.550
2.50000 3.806
2.75000 3.959
3.00000 5.492
3.25000 4.023
3.50000 4.202
3.75000 4.310
4.00000 6.172
4.50000 6.288
5.00000 5.292
5.50000 5.264
6.00000 4.378
6.50000 4.306
7.00000 4.858
7.50000 5.551
8.00000 5.599
9.00000 4.772
10.00000 5.321
11.00000 5.661
12.00000 6.003
13.00000 6.593
14.00000 8.802
15.00000 6.420
16.00000 7.702
18.00000 8.828
20.00000 9.042
22.00000 8.833
24.00000 9.484
26.00000 9.209
28.00000 9.063
30.00000 9.159
32.00000 10.300
36.00000 9.942
40.00000 12.047
44.00000 11.735
48.00000 10.958
52.00000 11.828
56.00000 15.377
60.00000 15.017
64.00000 13.369
72.00000 15.846
80.00000 13.106
88.00000 16.844
96.00000 15.881
104.00000 15.751
112.00000 15.362
120.00000 13.914
128.00000 18.247
144.00000 13.888
160.00000 11.487
176.00000 15.125
