"stride=128
0.00049 1.781
0.00098 1.815
0.00195 1.923
0.00293 1.756
0.00391 2.075
0.00586 1.129
0.00781 1.775
0.00977 1.818
0.01172 1.854
0.01367 1.897
0.01562 1.946
0.01758 1.919
0.01953 2.231
0.02148 2.292
0.02344 2.432
0.02539 2.073
0.02734 1.901
0.02930 2.480
0.03125 1.831
0.03516 2.886
0.03906 2.292
0.04297 2.303
0.04688 1.990
0.05078 5.519
0.05469 6.010
0.05859 6.044
0.06250 5.984
0.07031 5.205
0.07812 5.300
0.08594 5.378
0.09375 5.201
0.10156 5.218
0.10938 5.329
0.11719 5.393
0.12500 5.410
0.14062 5.361
0.15625 5.428
0.17188 5.583
0.18750 5.438
0.20312 5.988
0.21875 5.654
0.23438 5.454
0.25000 5.504
0.28125 5.812
0.31250 6.073
0.34375 6.360
0.37500 6.781
0.40625 7.282
0.43750 7.015
0.46875 7.522
0.50000 7.509
0.56250 8.124
0.62500 8.511
0.68750 9.255
0.75000 10.493
0.81250 9.121
0.87500 10.826
0.93750 9.437
1.00000 13.000
1.12500 14.158
1.25000 17.182
1.37500 17.949
1.50000 20.288
1.62500 21.999
1.75000 22.280
1.87500 23.745
2.00000 25.834
2.25000 26.669
2.50000 28.632
2.75000 30.026
3.00000 30.228
3.25000 30.731
3.50000 31.505
3.75000 34.147
4.00000 35.352
4.50000 38.485
5.00000 49.140
5.50000 61.019
6.00000 67.429
6.50000 83.813
7.00000 100.380
7.50000 112.117
8.00000 136.987
9.00000 146.771
10.00000 151.297
11.00000 155.589
12.00000 161.654
13.00000 159.339
14.00000 198.014
15.00000 192.186
16.00000 184.608
18.00000 159.169
20.00000 149.149
22.00000 117.293
24.00000 114.299
26.00000 119.968
28.00000 144.253
30.00000 135.437
32.00000 135.809
36.00000 144.191
40.00000 140.454
44.00000 151.700
48.00000 149.407
52.00000 150.274
56.00000 158.825
60.00000 160.125
64.00000 156.714
72.00000 160.200
80.00000 166.866
88.00000 165.376
96.00000 164.508
104.00000 162.110
112.00000 161.567
120.00000 173.831
128.00000 173.628
144.00000 172.350
160.00000 166.182
176.00000 161.964
192.00000 164.394
208.00000 162.636
224.00000 164.480
240.00000 158.564
256.00000 158.250
288.00000 158.967
320.00000 157.007
352.00000 164.108
384.00000 161.169
416.00000 164.709
448.00000 161.596
480.00000 160.877
512.00000 156.572

